Dla listy o długości 4096
32253400
33203000
28665200
22514700
23033300
22065800
22309500
22403299
21459900
21275400
21971799
21519799
21089401
21457700
22494300
22035401
23702700
21320100
21941601
22417599
21264100
22058500
23681400
23478000
24391400
21820700
21196700
21520199
24563001
21828700
Dla listy o długości 8192
13625799
15042800
13571900
13699600
14618300
14063300
13992100
13969101
13540499
12028599
12106300
11720900
11450100
13560100
12329800
11958401
11651100
12270200
12045200
12626000
12301300
11744600
11416300
11270101
14295200
13028600
11658000
11745899
11944300
11739101
Dla listy o długości 16384
8521900
7692600
7983800
7130099
7129000
6931401
6880300
7106600
6635300
7627800
7105299
7332100
7917801
7149501
7307000
6701201
7549699
6642700
8375900
7339300
7411501
6907400
7527501
7227501
6699000
7564200
6646600
7196601
6845000
7019699
Dla listy o długości 32768
4415400
4498001
5189700
4602800
5609400
5156701
4728501
4526900
4624900
5147900
4469200
4519000
4978600
4774701
4705500
4832999
5194399
4514201
4450800
5036600
5505100
4513100
4744900
5199500
4604901
4442500
5159100
5009299
4581101
5206800
Dla listy o długości 65536
5305300
4022199
3617999
4507000
5556400
3824299
3570400
3576200
5294200
3824199
3540400
3507799
4530499
3785301
3521300
3512400
3992699
4534401
3638800
3520199
3667900
4517800
4487900
3822000
3675000
4532200
3582100
3478999
3645300
4254101
Dla listy o długości 131072
2782600
2704799
2838400
3284101
3311899
2751900
2701501
2797900
2778601
3513900
3041500
2730600
2795499
2751100
3611099
3749100
2769399
2827900
2753601
2697200
3572900
3023799
2724299
2862799
2728300
2873800
3483799
2813700
2832601
2816099
Dla listy o długości 262144
3556201
2581000
2280000
2228199
2174899
2145500
2352800
3118401
2965499
2481199
3299301
2707400
2685401
2931400
2388399
2221900
2176600
2146800
2149301
2480600
3043901
2412399
2202600
2157200
2150301
2131900
2390199
3074999
2508399
2204199
